,"Taxa bruta de 
pré-escolarização  (%)","Taxa bruta de escolarização, Ensino básico (%)","Taxa bruta de escolarização, Ensino secundário (%)","Taxa de retenção e desistência no ensino básico, Total (%)","Taxa de retenção e desistência no ensino básico, 1º Ciclo (%)","Taxa de retenção e desistência no ensino básico, 2º Ciclo (%)","Taxa de retenção e desistência no ensino básico, 3º Ciclo (%)","Taxa de transição/conclusão no ensino secundário, Total (%)","Taxa de transição/conclusão no ensino secundário, Cursos gerais/
científico-humanísticos (%)","Taxa de transição/conclusão no ensino secundário, Cursos tecnológicos / profissionais  (%)","Taxa de participação em cursos de dupla certificação nas modalidades do ensino secundário orientadas para jovens, Cursos tecnológicos / profissionais  (%)","Proporção de mulheres no ensino secundário, Cursos tecnológicos / profissionais  (%)"
Portugal,96.4,108.6,124,3.8,2.1,3.8,5.8,86.9,85.4,89.7,40.8,49.6
Continente,96.2,108.5,124.6,3.7,2,3.8,5.6,87.1,85.5,89.9,40.8,49.5
Norte,99.6,109.3,121.5,2.4,1.2,2.1,4,89.5,88.1,91.8,42.9,49.7
Alto Minho,105.8,107.8,131.1,1.3,0.7,1.2,2.1,91.2,89.7,93.4,46.9,47.1
Arcos de Valdevez,108,103.8,119.3,1.6,1.9,0.6,2,87.4,86.6,88.2,50.6,47.2
Caminha,102.1,100.2,103.4,1.8,0.9,1.6,2.9,91.4,90.1,93.2,41.1,46.7
Melgaço,91.6,104.9,96,0.7,0,0,2,93.7,92.6,96.4,28.9,52.6
Monção,109,104.1,152.7,0.6,0.2,0.7,1.1,91.7,91.2,92.3,47,53.9
Paredes de Coura,94.8,97.7,108.2,1.3,0.8,1.9,1.4,94.8,94.6,95.1,48.4,36.5
Ponte da Barca,97.9,106.5,109.9,0.5,0.3,0.6,0.6,93.3,92.2,94.5,46.1,49.7
Ponte de Lima,104.4,101.4,108.9,0.5,0.3,0.3,0.9,93.5,90.7,96.4,49.2,46.5
Valença,104.3,111,69.5,4.6,2.8,4.9,6.9,86,80.3,97.6,32.7,44.2
Viana do Castelo,107.9,114.8,171.6,1.3,0.3,1.3,2.4,90.6,89.6,92.4,49.1,46.3
Vila Nova de Cerveira,119.9,107.6,71.2,1.7,2.5,0.5,1.6,89.5,89.2,90.4,26,54.5
Cávado,107.9,109.1,124.2,1.3,0.7,1.2,2,89.4,87.3,93.2,38.2,49.1
Amares,96.9,95.9,73.1,1.3,0.7,2.4,1.4,94.5,91.5,99.4,38.7,46.4
Barcelos,107.9,102,97.8,1,0.5,0.6,1.8,91.3,89,94.8,39.4,49.7
Braga,111.9,118,160,1.3,0.7,1.5,2,87.9,86.6,91.2,34.7,48.8
Esposende,101.3,101.3,92.1,1.3,0.7,0.9,2.4,89.2,86.3,94.6,35.1,50.8
Terras de Bouro,112.6,114.1,47.9,0.2,0,0,0.5,92.4,93.2,89.5,20.7,51.1
Vila Verde,98.5,101.2,107.3,2,1.4,1.8,2.8,91,86.3,94.2,59.6,49.1
Ave,103.5,104.6,107.8,1.7,1.1,0.9,2.8,90.9,90.1,92,40.7,49
Cabeceiras de Basto,105.8,105.6,100,2.7,1.7,3.1,3.4,88.7,86.8,92.6,33.4,48.5
Fafe,108.9,105.5,108.7,0.7,0.5,0.5,1.1,89.9,91.2,87.4,34.3,52.7
Guimarães,101.9,104.3,108.9,1.7,1,0.8,3,90.8,89.4,93.4,36.1,50.1
Mondim de Basto,108.8,99,83.6,1.8,2.1,0,2.7,91.7,90.4,93.2,45.8,50.5
Póvoa de Lanhoso,104,105.6,101.8,2.8,2.5,0.7,4.4,88.3,88.1,88.5,48.7,49.4
Vieira do Minho,93.5,102.3,83,1.8,2.9,1,1.1,83.2,85.4,77.4,27.7,50.6
Vila Nova de Famalicão,104.5,103.5,112,1.5,1.2,1.1,2.2,92.5,91.9,93,49.9,45.8
Vizela,98.9,111.5,105.4,2.4,0.3,0.2,5.9,90.7,90.6,90.7,26.9,53.3
A. M. Porto,96.6,110.7,128,3.1,1.4,2.7,5.2,89.1,87.7,91.5,44.3,49.9
Arouca,102,113.3,111.6,2.7,1,0.7,6,83.6,81.4,87.8,33.7,57.1
Espinho,124.1,172.9,225.4,1.8,0.4,0.7,3.5,90.5,88.8,93.3,37.5,51.7
Gondomar,84.7,93.4,81.8,3,2,2.5,4.5,89.5,88.3,93.6,23.8,50.7
Maia,93.5,96,74.4,2.7,0.6,2.5,5.3,85.3,85.4,84.7,27.2,45.7
Matosinhos,87.9,103.6,102.5,3.4,1.4,3.4,5.8,87.5,85.8,90.4,37.6,48.7
Oliveira de Azeméis,99,104.7,99.6,1.3,0.8,0.4,2.4,92.8,93.7,91.9,48.5,51.9
Paredes,88.7,98.2,71.8,2.5,0.5,2.5,4.6,87.6,86.2,93,24.5,52.9
Porto,119.4,173,373.7,3.3,2,3.2,4.9,89.8,90,89.4,53.6,50.7
Póvoa de Varzim,103.4,114.3,121.7,2.8,1.3,1.5,5.3,87.1,86.7,88.3,23,50.8
Santa Maria da Feira,92.5,96.1,86,3,1.5,1.6,5.7,91.2,90.6,92.3,50.3,49.7
Santo Tirso,102.3,127.6,148.1,2.3,0.3,2.1,4.2,92.4,91,93.6,54.1,49.9
São João da Madeira,164.6,179.9,279.8,1.1,1.1,0.3,1.5,91,91.3,90.5,45.9,49
Trofa,87,104.8,97.1,4.3,1.9,4,7.1,93,92.6,95,20,55.2
Vale de Cambra,115.2,109.9,99,1.8,0.8,1.6,3.1,94.8,93.1,97.5,40.5,49.6
Valongo,83.5,95.2,80.4,3.4,1.8,2.9,5.8,85,83.2,89.3,29.8,48.3
Vila do Conde,96.5,92.6,79.4,2.8,1,1.4,5.9,85.7,82.3,90.3,42.3,50.7
Vila Nova de Gaia,90.5,102.1,112.9,4,1.5,4.6,6.7,89.2,83.8,94.1,56.7,48
Alto Tâmega,97.5,112.8,108.6,3.5,2.6,1.7,5.5,87.5,87.7,87.1,37.3,52.2
Boticas,87.7,115.8,0,2.4,2.8,2.8,1.8,//,//,//,//,//
Chaves,90.9,116.1,147,3.8,2.5,1.2,6.6,88,89.8,84.7,40.2,51.5
Montalegre,98.4,115.6,93.3,3.2,8.1,0,1,88.8,85.5,94.9,34.9,49.7
Ribeira de Pena,112.7,105.6,91.4,4.2,1.2,2.8,8.1,85.7,84.7,87.3,39.1,47.6
Valpaços,101.3,108.4,63.9,4.5,1.2,4.3,7.9,84.6,81.4,93.3,27.1,60.4
Vila Pouca de Aguiar,115.8,107.3,86.8,1.7,2,0,2.2,87.8,86.6,90.5,31.1,53.2
Tâmega e Sousa,97.5,107.5,103.3,1.6,1,1.1,2.5,90.6,89.2,92.4,44.6,51.3
Amarante,101.7,107.1,129.4,1.7,1.7,0.9,2.4,92.5,92.1,92.8,62.6,48.7
Baião,92.2,99.7,82.6,2,0,1.3,4.3,88,82.3,93.8,49.6,55.3
Castelo de Paiva,104.6,126.6,100.7,2.2,1.7,0.9,3.4,89.9,85.9,97.6,33.3,54.9
Celorico de Basto,92.9,94.1,91.4,0.9,1,0,1.5,85.4,86.4,84.4,51.1,49
Cinfães,84.9,100.4,96,2.5,1.2,3.3,3.4,92.8,87.8,96.9,55.1,53
Felgueiras,96.1,111.8,113.3,2,1.5,1.3,2.8,90.9,89.9,91.9,50.2,48.4
Lousada,102.5,107,90.3,2.1,1.8,1.8,2.6,89.6,87.6,93.1,35.6,52.7
Marco de Canaveses,101.4,101.9,90.5,0.8,0.4,0.3,1.6,90.6,90.9,90.1,42.6,50.8
Paços de Ferreira,92.2,112.2,95.2,1.6,0.4,1.8,2.8,89.7,88,92.9,35.9,50.6
Penafiel,98.5,108.5,111.8,1.1,0.6,0.5,2,91.6,90.5,93.8,32.9,54.3
Resende,91.3,103.6,110,0.9,0.3,1,1.4,88.9,88.5,89.5,43.2,51.3
Douro,103.8,108.5,119.4,3,1.5,3.4,4.6,87.9,87.6,88.5,38.4,50
Alijó,100.6,100.1,67.8,2.7,4.3,0.6,2.2,81.1,85,71.9,30,52.9
Armamar,98.9,109.6,79.4,1.9,0,2.2,3.6,83.9,83.9,//,//,56
Carrazeda de Ansiães,106.5,103.7,86.8,1.6,0,1.2,3.3,90.7,90.9,90.2,34.7,50.8
Freixo de Espada à Cinta,103.6,99.6,12,3.3,2.1,0,8.8,//,//,//,//,63.6
Lamego,94.8,116.4,152.8,2.3,0.7,0.9,4.7,87.8,87.3,88.8,37.7,49.2
Mesão Frio,126.9,121.3,94.4,0,0,0,0,94.8,96.7,90.7,32.1,52.2
Moimenta da Beira,102.7,116.1,145.9,2,0.7,1.1,4.1,87.4,93.7,80.6,48,49.8
Murça,92.9,100.8,145.3,1.6,1.2,0,3.2,86.3,84.4,88.6,46.3,47.4
Penedono,100,113.7,0,5.2,4.9,1.9,7.8,//,//,//,//,//
Peso da Régua,109.4,113.9,168.6,6.5,1.8,12.6,7.7,88.8,86.4,91.4,48.5,50.2
Sabrosa,104.6,89.3,79.3,0,0,0,0,93.3,92.2,96.9,23.9,47
Santa Marta de Penaguião,104,83.5,0,2.3,0.6,1.6,5.5,//,//,//,//,//
São João da Pesqueira,100.8,108.8,122,7.8,0.5,7,16.3,84.8,84.9,84.6,52.8,55.6
Sernancelhe,114.3,82.6,100.6,1.4,0,0,4.8,92.4,//,92.4,100,44.6
Tabuaço,89.7,97.9,53.8,4,2.9,6.2,3,87,88.2,84.4,32,54
Tarouca,125.2,101.8,60.8,2.6,2.2,3.4,2.5,88.4,90.2,81.3,20.6,53.5
Torre de Moncorvo,100,97.2,90.3,12.1,11.5,22.1,5.3,83.3,82.1,85.7,33.3,57.1
Vila Nova de Foz Côa,103,107,64.6,5.7,0.6,10.8,8,89,87.7,100,11,61.7
Vila Real,105,114.1,157.5,1.9,0.9,1.1,3.5,88,87.2,91.1,34.6,48.6
Terras de Trás-os-Montes,96.6,115.1,138.8,3.6,1.9,3.1,6,86.4,83.3,92.6,40.6,49.6
Alfândega da Fé,89.7,114.3,94.9,2.7,0.9,0,6.2,97.5,97,100,16.3,65.2
Bragança,98.9,115,192.5,2,1,2.4,2.9,84.7,83.8,86.8,46,46.2
Macedo de Cavaleiros,104.8,113.2,114.2,6.1,4.1,2,10.8,85.6,80.2,95,37,54.5
Miranda do Douro,109.2,99.2,91.3,2.8,1.2,1,6.1,89.7,87,97.2,26.5,52.9
Mirandela,95.2,126.5,146.6,2.9,1.5,2.8,4.7,90.4,85,96.7,45.9,48.6
Mogadouro,100,135.1,144.7,5.6,1.8,6.7,9.9,82.9,83.8,80,25,54.5
Vila Flor,92.7,117.2,84.4,8.5,7.4,7.1,10.6,80.6,74.7,100,23.4,56.7
Vimioso,54.3,66.9,0,2.9,0,6.2,4.3,//,//,//,//,//
Vinhais,101.9,96.3,76.4,6.3,2.2,5.4,11.4,79.2,74.1,91.4,29.2,45
Centro,101.2,108.8,125.1,2.9,1.8,2.9,4.3,88.6,87,91.1,41.8,49.6
Oeste,99.7,107.3,113.9,4.3,2.6,4,6.5,85.7,83.3,89.5,39.9,51.6
Alcobaça,112,115.3,115.4,3.3,1.3,3.5,5.4,88,85.6,91.9,37.4,50.1
Alenquer,82,91.1,88.1,5.1,3.4,3.5,8.4,76.7,74.2,83.2,26.8,50.3
Arruda dos Vinhos,93.4,123.9,128.5,4,0.6,6.2,5.8,86.6,89.4,80.4,31.3,49.2
Bombarral,102,106.4,97.4,7.8,4.1,4.7,14.1,86,83,90.8,38.8,57
Cadaval,96,84.6,42.1,2.7,0.7,3.1,5.5,82.9,81.3,100,8.9,46.7
Caldas da Rainha,105.5,114.7,182.9,3.7,2.9,3,5,87,82.3,92.3,48.5,51.8
Lourinhã,97.5,95.7,74.2,6.1,2,9.7,8.9,82.2,82.2,82.4,25.2,53.9
Nazaré,89.7,93.5,97.2,4,1.4,5.4,7.1,82.6,68.3,90.4,64.8,48.1
Óbidos,108.1,101.7,47.5,4.9,2.7,2.8,10.4,85.4,85.2,85.7,38.7,48.7
Peniche,98.2,104.2,87.3,3.4,3.2,2.6,4.2,83.6,82.1,88,26.1,53.3
Sobral de Monte Agraço,88.2,100.6,69,8.4,5.6,4.5,14.1,86.5,86.8,85.5,21.8,53.6
Torres Vedras,104.6,117.4,138.2,3.9,3.2,3.4,5.1,87.7,86.1,89.7,45.3,52.4
Região de Aveiro,101.9,110.4,125.9,2.6,1.4,2.2,4.3,88.4,87,90.4,44.3,49.6
Águeda,111.7,111.9,144.1,1.6,1.3,0.8,2.7,90.8,86,97.7,52.4,52.2
Albergaria-a-Velha,99.3,114.9,128.7,1.3,0.4,1.1,2.5,94.3,92.8,95.2,60.9,52.2
Anadia,104.8,126.8,144.3,2.8,2,3.1,3.6,91.5,89.7,93.4,48.1,49.1
Aveiro,105.6,125.4,203.2,2.2,1.1,2.5,3.4,88.1,87.8,88.8,41.3,50.9
Estarreja,112.2,112,94.1,1.7,0.7,1.2,3.3,87,85.7,88.3,52.8,48.6
Ílhavo,91.7,91.5,65.2,4.4,1.8,4.9,7.7,84.4,83.6,86.2,30.5,48.4
Murtosa,94.3,104,24.6,8.1,5.9,6.8,11.5,82.3,82.3,//,//,60.4
Oliveira do Bairro,95.1,89.9,78.8,1.6,0.6,0.6,3.8,91.7,89.6,95.6,35.7,42.4
Ovar,96.5,105.1,94.6,3.6,1.7,2.6,6.6,81.8,81.6,82.2,32.9,51.2
Sever do Vouga,99.1,108.8,201.5,0.3,0,0,0.7,90,92.5,88.5,63.5,34.1
Vagos,101.3,104.8,101.9,2,1.2,1.1,3.3,87.9,88.6,86.8,41.3,48.7
Região de Coimbra,97.8,107,131.9,2.3,1.4,2.5,3.2,89.7,88.8,91.4,39.1,49.7
Arganil,107,135.8,250,1.2,2.7,0,0,90.3,85.2,95.3,67.9,51.1
Cantanhede,106.2,106.7,109.8,2.1,1,1.2,4.2,91.4,90.8,92.6,33.4,54.7
Coimbra,100.2,124.5,201,2.4,1.6,2.3,3.4,89.4,88.7,91.1,37.1,48.9
Condeixa-a-Nova,69,77.5,53.2,2.2,1.4,1,3.7,87.7,88.8,82,16.7,51.7
Figueira da Foz,102.1,105.3,128.9,2.2,1.1,3.6,2.6,90.6,89.1,93.5,33.2,51.3
Góis,96.3,83.6,0,5.5,8.2,9.6,0,//,//,//,//,//
Lousã,90.8,95.9,98.5,2.6,1.5,2.1,4.3,92.2,88.5,97,43.4,51.1
Mealhada,99,92.1,95.1,3.8,1,6.3,5.3,89.2,88.3,90.1,51.6,40
Mira,94.1,92.9,76.3,0.6,0.3,0.5,1.1,86.8,90.4,80.3,35.8,37.7
Miranda do Corvo,94.7,106.8,68.3,2.1,0.3,1.3,4.4,90,85.7,98.9,32.3,47.6
Montemor-o-Velho,73.3,82.5,71.6,2.1,1.6,3,2.2,87.8,91.2,83.8,46.4,45.5
Mortágua,103.2,99.5,91.6,0.2,0,0.7,0,94.7,93.6,97,31.9,47.8
Oliveira do Hospital,115.3,120.6,129,3.5,1.6,5.6,4.2,88.5,88.8,88,43,53.6
Pampilhosa da Serra,79.4,122.1,30.6,3.3,5.2,0,2.9,81.8,81.8,//,//,68.2
Penacova,85.9,89.5,115.5,0.9,0,2.2,1.1,89.3,87.1,90.6,62.9,46.2
Penela,95.4,82.5,28.6,1.2,0,0,3.7,97.6,//,97.6,100,81
Soure,109,99.1,97,1.5,1,0.8,2.6,93.8,91.7,100,25.7,45.3
Tábua,105,97.2,92.2,2.7,3.2,0.6,3.6,88.1,86,90.5,46.6,62
Vila Nova de Poiares,107.5,103.9,105.9,1.8,0.8,1.6,3.4,82.6,77.4,90.3,40.4,53.4
Região de Leiria,105.4,107.7,120.9,2.2,1.2,2,3.4,89.4,86.9,93.2,42.6,49.6
Alvaiázere,94.3,89.9,125.2,0.5,0,1.1,0.8,94.4,93.2,95.4,54,61.5
Ansião,109.6,123.3,178.2,1.3,1.1,0,2.2,91.3,90.8,91.9,53.1,41
Batalha,104.2,95.4,76.7,2.8,1.5,1.1,5.1,90.3,87.7,96.8,29.1,48.6
Castanheira de Pêra,105.9,119.7,0,5.1,4.3,2.4,7.7,//,//,//,//,//
Figueiró dos Vinhos,103.5,97.6,108.9,0.3,0,0,0.9,88.8,87.4,95.7,17.2,61.6
Leiria,104.1,108,121.4,2.4,1.5,2.2,3.6,88.5,85.8,94.8,38,50.7
Marinha Grande,102.3,109.2,139.5,2.5,1,2.8,4,91.8,91.2,92.8,42,51.3
Pedrógão Grande,118.2,106.9,153.9,1.3,0,0,3.1,83.1,//,83.1,100,40.1
Pombal,111.3,109.3,126.4,1.5,0.5,2.2,2.2,88.2,84.3,93.1,44.6,47.2
Porto de Mós,106.7,107.4,87.8,2.3,1.7,1.1,3.8,90.4,86.8,93.7,52.3,48.8
Viseu Dão Lafões,103,110,125.9,2.5,1.6,1.9,3.9,89.6,89,90.5,42.5,48.5
Aguiar da Beira,114.7,118.4,161,1.8,1.6,0,3,95.7,98.1,90.6,32.9,49.1
Carregal do Sal,100,103.2,74.2,3.7,2.8,1.4,5.9,82.8,89.9,64.3,27.5,56.8
Castro Daire,103.3,115.6,106.7,2.4,1.9,0.8,3.8,90.6,88.6,93.4,42,50.1
Mangualde,105.5,110.9,117.8,3.4,1.5,2.4,6.1,90.3,89.8,91.3,36.3,48.8
Nelas,120.9,110.3,85.3,3,1.4,3,4.7,87.8,89.1,85.6,38.5,46.6
Oliveira de Frades,95.3,98.1,88.8,4.8,3.3,4.2,6.8,86.3,86.4,86.3,31.3,48.7
Penalva do Castelo,101.6,111.3,98.3,2.3,1.4,0,4.9,86.6,85.4,88.2,44.2,42.4
Santa Comba Dão,86.3,109.2,89.4,0.6,0.6,1.1,0.3,88,92.1,79,31.4,53.1
São Pedro do Sul,92.8,105.9,109.2,1.9,1.5,0,3.3,91.6,90.7,92.4,51.7,51.6
Sátão,109.2,104.7,84.2,1.6,1.5,0,2.8,91.8,90.1,95.1,34.7,46.6
Tondela,94,108.6,137.2,2.7,1.4,1,5,90.2,85.4,94.7,51.9,41.9
Vila Nova de Paiva,128.2,107.2,83.4,2,1.4,1.3,3,89.7,88.6,91.5,37.3,59.5
Viseu,103.4,111.8,154.5,2.3,1.5,2.6,3.1,89,88.9,89.2,41.1,48.8
Vouzela,113.9,114.7,128.9,3.9,2.2,1.5,7.1,95.5,92.3,96.8,70.5,49.1
Beira Baixa,98.7,111,122.6,4.7,2.8,6.6,5.7,85.9,83.6,90,38.8,48.4
Castelo Branco,95,110.2,131.5,3.3,1.4,5.1,4.6,85,82.1,89.9,39.5,48.4
Idanha-a-Nova,101.6,112.2,135.3,13.1,8.1,17.5,17.5,83.5,84.8,82.2,49,46.3
Oleiros,115.6,96.9,104.1,4.7,0,10.4,5.9,99,98.4,100,39.6,49.5
Penamacor,97.8,125.2,72.2,9.1,12,11.3,3.7,84.6,82.1,100,13.8,43.1
Proença-a-Nova,111.8,106.9,84.4,4.4,3.8,4.7,4.9,91.5,88.5,100,26.2,53.9
Vila Velha de Ródão,150,151,0,5.7,6.2,2.6,7.4,//,//,//,//,//
Médio Tejo,104.7,109.4,131.7,2.9,1.8,2.9,4,88.5,86.8,91.1,41.7,48.7
Abrantes,90.8,106.7,120.3,4.7,2.1,3.6,7.9,85.4,83.1,90.2,31.8,45.6
Alcanena,101,104.5,105.4,0.8,0,0,2.1,89.4,86.3,96.6,29.8,49.2
Constância,128.8,124.8,104.4,3,0.6,4.7,4.2,88.8,96.5,77.6,40.6,43.4
Entroncamento,82,94.8,137.7,5.1,3,9.5,4.5,85.9,86.3,85.3,40.8,46.3
Ferreira do Zêzere,124.2,109.2,47.1,4.1,2.5,2.7,6.7,83.8,80,93.3,28.6,47.6
Mação,109.9,125.5,128.8,1.1,0,0,2.9,93.9,90.7,96.8,52,44.7
Ourém,118.6,115.9,150.1,2.3,1.4,1.2,4.1,92.4,91.3,93.2,54.5,51
Sardoal,124.5,116.7,98.8,1.6,0,0,4.4,88.8,85.5,100,22.5,41.3
Sertã,106.6,107.2,135.9,1.1,1.7,0.4,1,87,84.9,89.7,42.9,53.8
Tomar,105,112.1,172.7,4.1,4.4,4.9,3.4,86.1,84.1,90.1,42.4,47.9
Torres Novas,108.9,110.8,120.7,1.5,0.6,1.6,2.5,89.1,88.1,91.2,32,50.4
Vila de Rei,108,142.8,94.2,0,0,0,0,83.7,83.7,//,//,59.2
Vila Nova da Barquinha,112.3,98.6,61.9,0.9,0.4,0.7,1.6,89.3,85.4,94.8,41.4,42.9
Beiras e Serra da Estrela,99,111.1,130.4,3.5,2.3,4.4,4.2,90.7,89.4,92.5,44.9,49.2
Almeida,114.7,141.7,109.4,4.1,1.7,8.1,3.9,87.1,83.1,93.3,38.8,52.6
Belmonte,113,119.7,45.5,3.1,1.5,5.7,3,96.4,93.9,100,41.1,64.3
Celorico da Beira,80.2,106.8,70.7,3.4,2.5,3.1,4.8,86.4,88.9,78.1,22.9,52.9
Covilhã,102,108.3,144.3,2.5,1.3,3.7,3.3,89.5,89.1,90,44,49.4
Figueira de Castelo Rodrigo,90.1,86.2,55,3.6,3.3,2.6,4.9,85.9,85.7,86.7,21.1,56.3
Fornos de Algodres,88.9,119.2,161.5,3.6,0,6.1,6,88.9,81.4,100,40.2,60.6
Fundão,95,106.8,115.4,4.1,4.1,4.3,3.9,90,87.5,93,45.6,48.8
Gouveia,101.4,121.8,141.5,4.5,4,6.3,3.8,90.6,93.6,88.1,55,42.6
Guarda,101.7,118.7,156.3,3.2,0.8,5.2,4.5,93.5,91.2,97.8,42,48.5
Manteigas,87.5,100.6,120,0.6,1.8,0,0,89.7,87.5,92.1,48.7,60.3
Mêda,120,112.2,60,4,3.5,5.5,3.9,78.8,78.8,//,//,54.5
Pinhel,98.5,92.9,95.3,0.2,0,0.9,0,94.3,93.2,96.6,33.1,55.2
Sabugal,94.3,115.3,81.6,8.5,13.5,5,3.9,88.4,89,87,26.6,54.9
Seia,94.3,106.4,134.5,4.7,1.7,4.3,8.3,88.9,87.9,89.7,55.9,49.4
Trancoso,101.5,115.6,218.8,3,1,3.6,4.4,94.9,94.7,95,66.5,40.1
A. M. Lisboa,87.9,106,130.5,4.9,2.5,5.7,7.6,83.4,82.1,86.1,38,48.9
Alcochete,99.8,98.2,100.8,2.4,1.1,3,3.8,85.8,82.3,94.4,28.7,47.2
Almada,99.9,116.8,130.5,5.9,3.7,5.8,8.6,82,81.7,82.7,32.8,48.6
Amadora,69.2,95.6,133.3,7.4,4.4,8.1,11.3,77.2,73.9,80.8,61.8,47.7
Barreiro,111.3,124.2,150.6,4.7,1.6,6,7.7,86.7,85.7,89.2,28.1,51.6
Cascais,92.7,111.6,125.3,2.3,1.4,1.7,3.9,84,83,87.6,25.9,49.6
Lisboa,108.4,132.3,253.2,4.7,2.3,6.8,6.5,85.5,84.9,86.4,47.4,48.4
Loures,75.1,98.1,72.7,7.1,4.4,8.6,9.9,82,78.6,88.9,32.7,49.9
Mafra,94.7,95.2,93.3,3.2,1.1,1.6,7,83.5,82.5,86,28.6,48.6
Moita,80.5,100.7,91.5,8.2,5.4,10.6,10.4,83.8,84.4,83.4,58,54
Montijo,80.7,92.9,100.5,3.6,0.9,4.4,6.8,81.4,79.3,84.8,37.5,50
Odivelas,63.2,95.7,101.1,6,2,6.6,10.9,77.7,75.3,86.9,23.5,50.4
Oeiras,91,93.2,108.4,2.9,1.3,2.2,5.3,84.4,83.5,88.6,16.4,46.9
Palmela,84,109.3,85.2,3.7,2.2,3.9,5.2,84.9,85.3,82.8,16.4,51.7
Seixal,73.4,99.4,122.8,5.5,3,6.7,7.9,83,81.7,86.6,41.8,46.2
Sesimbra,84.4,98.9,83.4,4.2,0.9,2.7,9,83.3,81.7,87.9,26.3,50.8
Setúbal,97.2,112.5,136.4,6.9,3.6,9.1,9.5,87.6,86.1,90.6,42.2,50.1
Sintra,76.4,92.5,90.9,5,2.3,4.8,8.6,80.3,78.1,86.2,30,49.7
Vila Franca de Xira,93.1,95.1,115,4,2.2,4.7,6,82.8,81.6,84.8,48,48.9
Alentejo,105.1,113.2,120,5,3,5.3,7.2,86.9,84.9,90.5,39.3,49.8
Alentejo Litoral,112.2,114,115.7,4.1,1.7,3.2,7.7,85.2,82.2,90.9,36,53.6
Alcácer do Sal,105.7,102.8,80.4,2.7,0.5,4.8,4,87.3,87.6,86,17.6,55.7
Grândola,106,115.5,108.1,6,1.4,3.9,12.9,81.7,77.6,89.2,35.3,49.1
Odemira,123.2,116.5,121.3,4,2.1,3.6,6.7,85.3,82.7,89.5,38.4,50.8
Santiago do Cacém,106.8,109.5,111.4,3.9,2.4,1.9,7.2,85.9,84.2,94.8,20.9,62.5
Sines,117.3,126.1,153.9,3.7,0.8,3,8.3,86.2,75,92.4,64,46.7
Baixo Alentejo,104.8,115.2,126.5,7.3,5.3,7.3,10.2,85.4,82.3,89.4,46.3,48.5
Aljustrel,113,128.6,169.3,10.5,3.8,9.3,22.5,92,91.2,93.4,50,49.8
Almodôvar,106.1,109.8,145.3,1.4,1.3,1,1.6,90.1,86.2,100,28.1,35.4
Alvito,93.9,124.8,326.5,4.2,1.4,3.1,7.8,86.3,//,86.3,100,35.6
Barrancos,83.7,101.5,47.6,4,8.5,4.8,0,//,//,//,//,85
Beja,108.8,120.6,159.4,7.2,5.9,7.3,8.7,82.6,81.5,84.8,40.2,49
Castro Verde,125.9,123.2,92.1,3.5,1.7,4.2,5.4,87.6,84.4,94.7,30.8,52
Cuba,86.4,101.5,79,6,0.6,9.3,11.6,93,//,93,100,57.8
Ferreira do Alentejo,92.7,95.7,48.9,9.7,7.5,14.8,9.5,91.9,91.9,//,//,60.5
Mértola,97.3,111.7,141.9,8.1,5.4,5.5,13.6,78.4,71.1,89.7,39.2,49.7
Moura,100,114.7,108.6,9.1,8.3,8.2,11.1,84.6,80.2,91.9,37.4,56.7
Ourique,124.7,125.4,93,9.9,1.3,8.9,20.3,84.9,84.3,87,21.7,54.7
Serpa,105.6,117,111.4,5.6,4,4,8.8,87.4,81.9,92.4,52.3,39.4
Vidigueira,95.1,92.7,85.2,11.2,8.6,9.6,17.7,89.5,//,89.5,100,47.1
Lezíria do Tejo,102.4,108.5,110,4.3,2.5,4.7,6.3,87.3,84.9,91,42,49.2
Almeirim,107.2,107.2,68.8,2,1.2,3.1,2.2,85,81.7,90.3,39,48.5
Alpiarça,89.5,80.7,75.4,1,0,1.6,1.6,87.6,85.8,91.1,33.1,40.8
Azambuja,122.7,107.9,93.7,4,1.3,4.5,7.1,85.8,84.4,89.8,25.4,46.7
Benavente,92.6,94.7,49.9,5.8,2.6,7.7,8.3,82.8,80,91.2,24.6,53.3
Cartaxo,83.9,103.8,70.8,2.1,0.7,2.3,3.7,82,85,72.1,23.4,50.5
Chamusca,101.7,99.7,58.9,5.1,4.7,7.9,3.3,83.8,83,86.1,25.4,60.6
Coruche,99,115.9,100.2,3.5,4.2,3.4,2.8,90.4,92.4,87.3,38.5,45.1
Golegã,101.8,111.5,69.5,3.1,3.8,5.1,1.2,86.7,82.8,94.1,34.7,52
Rio Maior,113.9,115.7,140.6,4.9,2.9,3.8,8.3,85.5,84,87.3,45.7,40.7
Salvaterra de Magos,100,113.4,157.8,5.9,4.4,4.8,8.7,89.7,87.3,91.8,53.8,51.6
Santarém,105.2,118.6,173.8,5.3,2.7,5.2,8.3,89.5,85.3,94.9,49,51.1
Alto Alentejo,108.6,120.7,130.4,4.9,3.2,6.7,5.6,87.5,85.8,90.7,38.3,49.4
Alter do Chão,89.6,130.6,235.4,8.6,8.5,15.9,5.3,90.2,82.5,92.9,73.9,40.5
Arronches,122.2,153,20.8,0.5,0,2.5,0,100,//,100,100,0
Avis,80.2,117.9,15.7,8.6,2.8,23.4,2.4,//,//,//,//,70.6
Campo Maior,116.6,132.9,131.6,7.4,6.4,6.4,9.6,87.9,86.4,92.7,23.7,42.6
Castelo de Vide,112.3,124.4,26.2,0,0,0,0,//,//,//,//,58.8
Crato,115.5,115.1,146.7,5.8,2.3,6.8,9.3,85.2,//,85.2,100,63.6
Elvas,125.9,135.3,132.3,6.9,5.9,9.6,6.2,84.1,81.8,88.9,32.8,51.2
Fronteira,113.2,95.8,43.3,2.6,0,1.7,5.8,//,//,//,//,48.3
Gavião,126.3,131.1,0,2.6,2.4,0,4.5,//,//,//,//,//
Marvão,89.2,92.9,0,1.2,1.5,0,1.4,//,//,//,//,//
Monforte,81.5,114.3,0,3,2.3,4.2,3.4,//,//,//,//,//
Nisa,83,90,80.3,4.4,2.5,8,4,81.7,81.7,//,//,52.6
Ponte de Sor,101,110.8,125.9,2.9,0.6,5.6,4,91,90.1,93.1,30.9,50.6
Portalegre,108.4,115.8,239.4,3.8,1.5,2.3,7.3,88.4,86.8,92.9,34.3,49.2
Sousel,118.9,123.2,78.2,4.7,1.4,13.3,3.1,85.6,//,85.6,100,49
Alentejo Central,103.3,114.3,127.9,4.8,2.5,5.1,7.3,88,87,90.4,32.4,50.1
Alandroal,84.3,93.3,0,4.7,1.3,11.4,4.9,//,//,//,//,//
Arraiolos,82.6,90.8,76,7.5,1.8,13.4,9.9,95.9,95.6,100,8.1,52.2
Borba,99.4,105.9,0,3.7,4.3,2.5,3.9,//,//,//,//,//
Estremoz,97.3,115.2,186.7,8.7,4.9,9.1,12.9,89.6,88.8,93.8,15.9,56.3
Évora,111.4,119.2,190.4,3.3,2.1,2.9,5.1,87.6,86.4,89.5,44.4,48.5
Montemor-o-Novo,100.6,120,86.6,4.6,0.4,7.5,7.7,82.7,82.2,85.4,15.6,53.1
Mora,105.5,103,63.6,4.7,0,1.5,11.7,76.8,72.1,92.3,23.2,51.8
Mourão,94.8,109.7,0,12.4,2.1,28.1,14.3,//,//,//,//,//
Portel,95,95.8,10.3,3.8,3.3,4.8,3.6,83.3,//,83.3,100,33.3
Redondo,100,98,64.4,5.6,0.9,5.7,12.6,89,88.2,90.9,28,47.7
Reguengos de Monsaraz,104.2,129,112.8,10.2,7.9,9.9,12.9,82.4,81.3,85.9,23.6,48.2
Vendas Novas,99.6,120.3,133.4,1.9,1.2,0.4,3.6,93.7,92,100,20.9,50.8
Viana do Alentejo,92.9,113.1,95.9,3.2,3.2,0,5.1,84.3,84.2,85.7,10.4,57.4
Vila Viçosa,112.7,107.3,172.9,4.7,2,1.4,10.6,92.5,91.7,95.7,21,49.7
Algarve,100.5,111.8,117.6,5.1,2.8,5,8.1,84.7,83.2,87.1,40.9,50.5
Albufeira,106.6,113.8,120,8,5.3,7.6,11.4,78.8,74.3,86.6,36.3,49.6
Alcoutim,100,140.6,0,1.5,0,0,3.8,//,//,//,//,//
Aljezur,118,106.8,0,4.1,1.4,1.7,10.2,//,//,//,//,//
Castro Marim,160.3,121.8,0,5.2,3.3,7.5,6.9,//,//,//,//,//
Faro,93.1,120.7,165.6,4.3,3.4,4.4,5.5,87.2,87.3,87,42,50.6
Lagoa,119.3,117.6,48.6,3.7,1.8,4.7,5.4,85.2,83.3,87.3,46.4,43.3
Lagos,116.1,110.7,127.8,2.9,1.7,2.9,4.5,83.5,82.6,85.2,36.7,52.8
Loulé,102.3,116.3,110.2,5.9,2.2,5.7,11.2,84.5,83,87,38.6,50.3
Monchique,104.9,122.2,0,5.1,5.8,1.1,7.1,//,//,//,//,//
Olhão,90.8,101.3,88.2,4.6,3.7,5.4,5.1,89.5,87.7,91.9,42.3,49.7
Portimão,91.1,109.4,169.2,4.6,1.4,5.4,8.3,85.1,84.3,86,51.7,50.7
São Brás de Alportel,109.4,114.7,100.3,1.8,2.3,0.4,2.1,85.9,86,85.7,32.2,45.8
Silves,99.7,100,91,5.9,3.6,5.2,9.7,83.6,82.2,85.8,39.6,50.8
Tavira,102.9,107.5,119.1,5,1.7,3.5,10.6,82.4,80.7,86.3,30.5,51
Vila do Bispo,96.9,119.4,0,2.1,0.4,3.2,4.4,//,//,//,//,//
Vila Real de Santo António,90,111,140,7.3,4.2,6.5,11.4,84.3,81.7,90.8,28.8,54
R. A. Açores,97.6,107.2,110.4,8.3,6.5,6.6,12,81.9,80.1,85.5,43.1,52.4
Santa Maria,109.6,101,119.1,3.9,3.6,4.3,4.1,85.4,83.3,90,39.5,49.4
Vila do Porto,109.6,101,119.1,3.9,3.6,4.3,4.1,85.4,83.3,90,39.5,49.4
São Miguel,93.3,108.2,106.3,9.2,7.1,6.6,14,81.9,79.9,85,43.7,52.3
Lagoa (R.A.A.),89.9,102.1,81.9,6.7,3.8,9.1,8.8,78.3,75.6,81.4,51.8,56.9
Nordeste,86.4,99.1,110,6,2.3,2.9,12.5,75,69.4,90.9,26.2,57.8
Ponta Delgada,101.6,118.1,144.3,8.2,4.8,6.2,14,82.6,81.7,84,42.7,50.5
Povoação,98.8,123.9,91.3,9.7,5,5.9,17.5,79.4,75.2,86.1,38.1,59.2
Ribeira Grande,82.1,96.3,56.8,13.1,13.4,6.2,17.7,83.8,80.2,91.4,41.9,55.4
Vila Franca do Campo,84.4,99,99.3,7.7,5.3,9.7,9.4,80.7,76.5,86.3,54.8,50.1
Terceira,97.4,103.1,114.1,7.8,6.5,8.5,9.1,83.2,82.1,85.9,44.3,53.5
Angra do Heroísmo,99.8,105,107.2,8,6.2,10.3,9,78.8,79.3,77,41.8,55.4
Vila da Praia da Vitória,93.2,100.1,125.8,7.3,7,5.6,9.2,89.4,86.9,93.1,48.2,50.8
Graciosa,120.5,116.2,100,9.6,9,13,8.1,78.9,78.9,//,41.3,59.7
Santa Cruz da Graciosa,120.5,116.2,100,9.6,9,13,8.1,78.9,78.9,//,41.3,59.7
São Jorge,125.4,111.1,122.1,5.2,3.1,3.4,9.3,81.7,76.7,89.9,47.5,43.7
Calheta (R.A.A.),134.2,110.2,74.2,2.6,1.7,2.4,4,77.5,77.5,//,//,55.1
Velas,119.5,111.8,157.8,7.1,4.1,4.2,13.5,83.5,75.8,89.9,64.2,39.8
Pico,101.9,112.2,122.7,4.1,4,2.7,5.2,77.4,78,75.9,41.9,56.3
Lajes do Pico,87.6,105,133.3,1.9,0,4.4,2.5,78.7,78.7,//,36.4,55.7
Madalena,106.8,126.5,132.6,6.4,7.4,2.6,7.6,78,80,75.9,51,56.9
São Roque do Pico,107.7,97.8,86.7,2.4,2.5,0,3.7,72.7,72.7,//,20.3,55.6
Faial,115.2,106.8,130,6.6,2.9,5,11.8,80.3,74.9,95.2,34.3,52
Horta,115.2,106.8,130,6.6,2.9,5,11.8,80.3,74.9,95.2,34.3,52
Flores,115.5,109,87.6,8.5,10.6,4.1,9.4,90.3,90.3,//,36.7,41.4
Lajes das Flores,89.5,61.5,2.4,6.8,11.4,0,//,//,//,//,//,0
Santa Cruz das Flores,125,143.7,138,9.2,10.1,7,9.4,90.3,90.3,//,36.7,41.8
Corvo,111.1,54.7,166.7,13.8,21.1,0,0,100,100,//,//,70
Corvo,111.1,54.7,166.7,13.8,21.1,0,0,100,100,//,//,70
R. A. Madeira,101.9,113.4,116,3.9,2.6,3,6,85,84.8,85.3,37.7,50.9
Calheta (R.A.M.),110.9,132.5,118.3,3.3,2.3,2.5,4.9,85.9,83.2,92,30.2,58.8
Câmara de Lobos,73.1,82.7,25.2,4.7,3.5,5.7,5.4,84.1,83,86.7,46.9,50.4
Funchal,132.2,149.6,222.4,3.1,2.2,2.1,4.7,84.4,84.3,84.6,39.2,50.5
Machico,95.6,123.1,88.6,6.6,4.7,5,9.6,87.2,88.6,83.1,25.6,50.2
Ponta do Sol,99.4,125.3,62.4,4.9,4.3,1.7,7.2,90.3,87.9,96.5,32,48.4
Porto Moniz,104.9,104.4,86.7,6.3,7.6,6.7,5.1,84.6,84.6,//,0,40.4
Ribeira Brava,111.3,112.1,83.9,6.1,2.6,3,11.3,83.2,84.1,81.5,39.8,54.5
Santa Cruz,64.1,65.8,18.9,4.2,2,3.4,7.4,92.5,90.9,94.1,48.1,55
Santana,105.3,111.7,95.8,1.4,0.6,0,3.1,82.8,83.1,82.1,30.1,51
São Vicente,116.9,108.7,64.3,2.3,3.9,0,2.2,93.5,93,94.6,34.3,47.2
Porto Santo,91.5,105.7,123,6,3.9,7.3,7.5,82.9,82.9,82.9,23,46.3
